{
  "metadata": {
    "version": {
      "essentia": "2.1-beta1",
      "essentia_git_sha": "v2.1_beta1-216-ge1b29eb",
      "extractor": "music 1.0"
    },
    "audio_properties": {
      "analysis_sample_rate": 44100,
      "bit_rate": 0,
      "equal_loudness": 0,
      "length": 257.091339111,
      "lossless": 1,
      "replay_gain": -11.795293808,
      "sample_rate": 44100,
      "codec": "flac",
      "downmix": "mix",
      "md5_encoded": "123b363aa60e778a3606dc75192f9b3f"
    },
    "ids": {
      "internet_archive_file": "https:\/\/archive.org\/download\/2015-10-31\/https:\/\/archive.org\/download\/2015-10-31\/01 Brother Man.flac",
      "internet_archive_id": "https:\/\/archive.org\/details\/2015-10-31"
    },
    "tags": {
      "file_name": "01 Brother Man.flac",
      "origdate": ["2015-11-3"],
      "originator": ["Pro Tools"],
      "origreference": ["CrKotkTGpJjaaaGk"],
      "origtime": ["21:16:24"],
      "timereference": ["59990016"]
    }
  },
  "lowlevel": {
    "average_loudness": 0.919197261333,
    "barkbands_crest": {
      "dmean": 2.87859034538,
      "dmean2": 4.63366270065,
      "dvar": 6.18454837799,
      "dvar2": 14.9655361176,
      "max": 25.9653072357,
      "mean": 11.5801696777,
      "median": 10.8101873398,
      "min": 2.68302345276,
      "var": 21.3682308197
    },
    "barkbands_flatness_db": {
      "dmean": 0.0316245853901,
      "dmean2": 0.0472957417369,
      "dvar": 0.000899016275071,
      "dvar2": 0.00200112978928,
      "max": 0.473274797201,
      "mean": 0.164881870151,
      "median": 0.153380602598,
      "min": 0.0295946765691,
      "var": 0.00410391762853
    },
    "barkbands_kurtosis": {
      "dmean": 9.57129764557,
      "dmean2": 15.1883964539,
      "dvar": 351.939697266,
      "dvar2": 786.483398438,
      "max": 448.392547607,
      "mean": 13.530831337,
      "median": 4.57373285294,
      "min": -1.9221124649,
      "var": 780.288208008
    },
    "barkbands_skewness": {
      "dmean": 0.985088467598,
      "dmean2": 1.5109102726,
      "dvar": 1.20832324028,
      "dvar2": 2.79613351822,
      "max": 16.500579834,
      "mean": 2.43225765228,
      "median": 1.98885405064,
      "min": -2.40294265747,
      "var": 3.65949416161
    },
    "barkbands_spread": {
      "dmean": 5.89537620544,
      "dmean2": 9.00096130371,
      "dvar": 49.4804191589,
      "dvar2": 108.156646729,
      "max": 114.331985474,
      "mean": 16.127571106,
      "median": 13.7839670181,
      "min": 0.194602817297,
      "var": 138.188369751
    },
    "dissonance": {
      "dmean": 0.022696217522,
      "dmean2": 0.0383238382638,
      "dvar": 0.000502746086568,
      "dvar2": 0.00135391158983,
      "max": 0.5,
      "mean": 0.459854662418,
      "median": 0.467710763216,
      "min": 0.236296847463,
      "var": 0.000950713409111
    },
    "dynamic_complexity": 2.68722128868,
    "erbbands_crest": {
      "dmean": 3.35513615608,
      "dmean2": 5.40927362442,
      "dvar": 10.4121761322,
      "dvar2": 23.7846832275,
      "max": 33.1819458008,
      "mean": 10.5612783432,
      "median": 8.87875366211,
      "min": 2.24380111694,
      "var": 32.2301712036
    },
    "erbbands_flatness_db": {
      "dmean": 0.026245098561,
      "dmean2": 0.0371842496097,
      "dvar": 0.000653471855912,
      "dvar2": 0.00122228218243,
      "max": 0.39454549551,
      "mean": 0.161547809839,
      "median": 0.156195834279,
      "min": 0.033078327775,
      "var": 0.00254705850966
    },
    "erbbands_kurtosis": {
      "dmean": 1.93268299103,
      "dmean2": 2.99404263496,
      "dvar": 18.7233085632,
      "dvar2": 39.9706993103,
      "max": 123.257751465,
      "mean": 1.69271183014,
      "median": 0.0412313938141,
      "min": -1.90453124046,
      "var": 41.690662384
    },
    "erbbands_skewness": {
      "dmean": 0.535963535309,
      "dmean2": 0.805425643921,
      "dvar": 0.310599654913,
      "dvar2": 0.651676297188,
      "max": 9.59532928467,
      "mean": 0.514687478542,
      "median": 0.37280651927,
      "min": -3.88585042953,
      "var": 1.37658965588
    },
    "erbbands_spread": {
      "dmean": 10.2513160706,
      "dmean2": 15.6419630051,
      "dvar": 108.444824219,
      "dvar2": 246.741348267,
      "max": 130.492599487,
      "mean": 36.8788566589,
      "median": 34.3728713989,
      "min": 1.55411350727,
      "var": 329.252746582
    },
    "hfc": {
      "dmean": 6.87733078003,
      "dmean2": 10.9856739044,
      "dvar": 111.015090942,
      "dvar2": 288.458557129,
      "max": 117.072135925,
      "mean": 12.5530757904,
      "median": 9.14298248291,
      "min": 0.128999635577,
      "var": 140.113098145
    },
    "melbands_crest": {
      "dmean": 3.65693926811,
      "dmean2": 5.99275922775,
      "dvar": 10.1398801804,
      "dvar2": 25.6480140686,
      "max": 33.6496658325,
      "mean": 16.0033969879,
      "median": 15.470416069,
      "min": 3.85237622261,
      "var": 31.317155838
    },
    "melbands_flatness_db": {
      "dmean": 0.0373994410038,
      "dmean2": 0.0557561181486,
      "dvar": 0.00127782742493,
      "dvar2": 0.00284633552656,
      "max": 0.564991533756,
      "mean": 0.248134434223,
      "median": 0.23832039535,
      "min": 0.0312300045043,
      "var": 0.00636693416163
    },
    "melbands_kurtosis": {
      "dmean": 17.1474685669,
      "dmean2": 27.3871002197,
      "dvar": 799.203857422,
      "dvar2": 1950.56530762,
      "max": 402.744506836,
      "mean": 26.5307559967,
      "median": 11.519569397,
      "min": -1.8539737463,
      "var": 1526.46557617
    },
    "melbands_skewness": {
      "dmean": 1.20759570599,
      "dmean2": 1.85587668419,
      "dvar": 1.73264288902,
      "dvar2": 4.08210468292,
      "max": 15.4757289886,
      "mean": 3.4436275959,
      "median": 2.87450814247,
      "min": -1.90796303749,
      "var": 4.99713850021
    },
    "melbands_spread": {
      "dmean": 6.40538692474,
      "dmean2": 9.81265544891,
      "dvar": 61.8863182068,
      "dvar2": 137.075073242,
      "max": 142.129180908,
      "mean": 15.7881603241,
      "median": 12.3472471237,
      "min": 0.322054445744,
      "var": 182.597518921
    },
    "pitch_salience": {
      "dmean": 0.0873140022159,
      "dmean2": 0.142698138952,
      "dvar": 0.00577537436038,
      "dvar2": 0.0147366961464,
      "max": 0.886833429337,
      "mean": 0.512702167034,
      "median": 0.52153635025,
      "min": 0.0631484910846,
      "var": 0.0175031367689
    },
    "silence_rate_20dB": {
      "dmean": 0,
      "dmean2": 0,
      "dvar": 0,
      "dvar2": 0,
      "max": 1,
      "mean": 1,
      "median": 1,
      "min": 1,
      "var": 0
    },
    "silence_rate_30dB": {
      "dmean": 0.0653901770711,
      "dmean2": 0.130792155862,
      "dvar": 0.0611115545034,
      "dvar2": 0.136799409986,
      "max": 1,
      "mean": 0.94554322958,
      "median": 1,
      "min": 0,
      "var": 0.0514903962612
    },
    "silence_rate_60dB": {
      "dmean": 0.0315209552646,
      "dmean2": 0.0630476027727,
      "dvar": 0.030534196645,
      "dvar2": 0.071891784668,
      "max": 1,
      "mean": 0.0469610765576,
      "median": 0,
      "min": 0,
      "var": 0.0447487086058
    },
    "spectral_centroid": {
      "dmean": 255.207092285,
      "dmean2": 391.291625977,
      "dvar": 78288.265625,
      "dvar2": 170684.5,
      "max": 3645.39233398,
      "mean": 919.536560059,
      "median": 790.976623535,
      "min": 155.581756592,
      "var": 298899.03125
    },
    "spectral_complexity": {
      "dmean": 3.7935333252,
      "dmean2": 5.85132312775,
      "dvar": 17.746088028,
      "dvar2": 40.6324501038,
      "max": 46,
      "mean": 13.2037391663,
      "median": 12,
      "min": 0,
      "var": 52.9090309143
    },
    "spectral_decrease": {
      "dmean": 5.59630075614e-09,
      "dmean2": 9.67320001877e-09,
      "dvar": 1.50494937777e-16,
      "dvar2": 4.20688310026e-16,
      "max": -4.92825467935e-11,
      "mean": -7.44033856748e-09,
      "median": -4.41455139111e-09,
      "min": -8.81863257973e-08,
      "var": 1.08750685829e-16
    },
    "spectral_energy": {
      "dmean": 0.0216620024294,
      "dmean2": 0.0373734310269,
      "dvar": 0.00220902054571,
      "dvar2": 0.00617117667571,
      "max": 0.336686074734,
      "mean": 0.0292201247066,
      "median": 0.0175974164158,
      "min": 0.000197704284801,
      "var": 0.00160547927953
    },
    "spectral_energyband_high": {
      "dmean": 0.000170864921529,
      "dmean2": 0.000253013917245,
      "dvar": 1.03019125675e-07,
      "dvar2": 2.29044673006e-07,
      "max": 0.00812470726669,
      "mean": 0.000290750554996,
      "median": 0.000134205823997,
      "min": 8.1579429434e-07,
      "var": 1.96189787971e-07
    },
    "spectral_energyband_low": {
      "dmean": 0.0133622633293,
      "dmean2": 0.0241297651082,
      "dvar": 0.00176445953548,
      "dvar2": 0.005057903938,
      "max": 0.315042614937,
      "mean": 0.0131609914824,
      "median": 0.00423028832301,
      "min": 8.87645626335e-07,
      "var": 0.00108526018448
    },
    "spectral_energyband_middle_high": {
      "dmean": 0.00168881961145,
      "dmean2": 0.00267825135961,
      "dvar": 6.69336668579e-06,
      "dvar2": 1.65000201378e-05,
      "max": 0.0340135730803,
      "mean": 0.00313261896372,
      "median": 0.00192299671471,
      "min": 3.37605197274e-05,
      "var": 1.2929524928e-05
    },
    "spectral_energyband_middle_low": {
      "dmean": 0.00971292797476,
      "dmean2": 0.0158878043294,
      "dvar": 0.000348980247509,
      "dvar2": 0.000880408100784,
      "max": 0.234953522682,
      "mean": 0.0142183415592,
      "median": 0.00755921425298,
      "min": 8.93909746082e-05,
      "var": 0.000428841012763
    },
    "spectral_entropy": {
      "dmean": 0.247922837734,
      "dmean2": 0.372368365526,
      "dvar": 0.0633807182312,
      "dvar2": 0.128224730492,
      "max": 8.73327445984,
      "mean": 7.23546218872,
      "median": 7.34481954575,
      "min": 4.35464143753,
      "var": 0.297331988811
    },
    "spectral_flux": {
      "dmean": 0.0461189113557,
      "dmean2": 0.0749458298087,
      "dvar": 0.00520608574152,
      "dvar2": 0.00994077231735,
      "max": 0.530560314655,
      "mean": 0.0934736505151,
      "median": 0.067350640893,
      "min": 0.00841188710183,
      "var": 0.00679045869038
    },
    "spectral_kurtosis": {
      "dmean": 2.36601114273,
      "dmean2": 3.78910303116,
      "dvar": 8.60743904114,
      "dvar2": 21.1948356628,
      "max": 50.2010650635,
      "mean": 6.89914941788,
      "median": 5.63728904724,
      "min": -0.129957914352,
      "var": 23.7279815674
    },
    "spectral_rms": {
      "dmean": 0.0015575196594,
      "dmean2": 0.00249714963138,
      "dvar": 5.89196361034e-06,
      "dvar2": 1.55499874381e-05,
      "max": 0.018123857677,
      "mean": 0.00466037681326,
      "median": 0.00414345413446,
      "min": 0.000439183582785,
      "var": 6.78811147736e-06
    },
    "spectral_rolloff": {
      "dmean": 439.291687012,
      "dmean2": 730.496459961,
      "dvar": 951661.5,
      "dvar2": 2193043.75,
      "max": 17075.8300781,
      "mean": 975.345825195,
      "median": 732.12890625,
      "min": 86.1328125,
      "var": 1359898.5
    },
    "spectral_skewness": {
      "dmean": 0.296133518219,
      "dmean2": 0.465807169676,
      "dvar": 0.0963252410293,
      "dvar2": 0.227224931121,
      "max": 5.80357027054,
      "mean": 1.94829857349,
      "median": 1.83661484718,
      "min": 0.30408924818,
      "var": 0.405354976654
    },
    "spectral_spread": {
      "dmean": 726087.4375,
      "dmean2": 1010082.5625,
      "dvar": 673471856640,
      "dvar2": 1.27486250189e+12,
      "max": 12396442,
      "mean": 4345854.5,
      "median": 4050412.5,
      "min": 1322849.75,
      "var": 2.29249646592e+12
    },
    "spectral_strongpeak": {
      "dmean": 0.43577170372,
      "dmean2": 0.737350225449,
      "dvar": 0.527519643307,
      "dvar2": 1.3463088274,
      "max": 11.2804317474,
      "mean": 0.719401419163,
      "median": 0.485889911652,
      "min": 0,
      "var": 0.72491902113
    },
    "zerocrossingrate": {
      "dmean": 0.0108517333865,
      "dmean2": 0.0127851972356,
      "dvar": 0.000180005386937,
      "dvar2": 0.000231651312788,
      "max": 0.35546875,
      "mean": 0.0456807762384,
      "median": 0.04052734375,
      "min": 0.0048828125,
      "var": 0.000825210881885
    },
    "barkbands": {
      "dmean": [0.000173942491529, 0.00585511745885, 0.0066873668693, 0.00251694093458, 0.00520284567028, 0.00133091665339, 0.000378238211852, 0.000962136371527, 0.000672545691486, 0.000699104683008, 0.000290317431791, 0.000292860291665, 0.000243330083322, 0.0001696839754, 0.000226612595725, 0.000220505899051, 0.000254851591308, 0.000157471193234, 9.16632343433e-05, 5.54225371161e-05, 4.8347581469e-05, 3.46994384017e-05, 2.37684853346e-05, 1.4318439753e-05, 1.61261395988e-05, 9.05850538402e-06, 2.66155402642e-05],
      "dmean2": [0.000266760529485, 0.0106944376603, 0.0119954813272, 0.00425857724622, 0.00853869970888, 0.002184425015, 0.000645760796033, 0.00164969475009, 0.00111777009442, 0.00113086309284, 0.000467102770926, 0.000475886743516, 0.000385231309338, 0.000281882588752, 0.00036701335921, 0.000360002537491, 0.000413598667365, 0.000256753148278, 0.00015195873857, 9.02935498743e-05, 7.6909265772e-05, 5.46478331671e-05, 3.59371442755e-05, 2.11071528611e-05, 2.33020782616e-05, 1.34498031912e-05, 4.03948724852e-05],
      "dvar": [2.96164529345e-07, 0.000424308382208, 0.000394552509533, 2.08961537282e-05, 0.000151526997797, 1.34978299684e-05, 7.2852503763e-07, 1.04256378108e-05, 2.94929941447e-06, 3.02232001559e-06, 5.25589996414e-07, 6.44889212253e-07, 5.40360815648e-07, 2.14894583905e-07, 3.39410377137e-07, 2.91372600714e-07, 3.8501437416e-07, 1.44744774389e-07, 5.4771653879e-08, 2.52155487601e-08, 2.49382576811e-08, 8.46776249119e-09, 2.46170328566e-09, 1.0129198591e-09, 2.59863752738e-09, 5.21729548453e-10, 5.62609958621e-09],
      "dvar2": [7.03967600657e-07, 0.00121456116904, 0.00113833916839, 5.44569338672e-05, 0.000367360422388, 3.40606020472e-05, 1.98967381948e-06, 2.87814309559e-05, 7.81818562245e-06, 7.89399109635e-06, 1.27402165617e-06, 1.6643273284e-06, 1.22707263017e-06, 5.56679651709e-07, 8.50085598358e-07, 7.4096891467e-07, 9.97972620098e-07, 3.37665994721e-07, 1.36977348575e-07, 6.40544044472e-08, 5.5556196088e-08, 2.03772483331e-08, 5.65163160715e-09, 2.25894170036e-09, 6.43056186078e-09, 1.14440223964e-09, 1.26790080657e-08],
      "max": [0.00679023051634, 0.167446941137, 0.19906643033, 0.0529475212097, 0.197987169027, 0.0708534643054, 0.0187603030354, 0.0440858900547, 0.0282436534762, 0.0330473706126, 0.0225464515388, 0.0229186788201, 0.0327045693994, 0.014212156646, 0.0160077326, 0.0108822919428, 0.016062816605, 0.0136234005913, 0.00785790197551, 0.00569585198537, 0.00603376375511, 0.00508122658357, 0.00160611979663, 0.00144019385334, 0.0019596721977, 0.000445260200649, 0.00143318495248],
      "mean": [0.000156468493515, 0.00464495969936, 0.00706296367571, 0.00313296820968, 0.00675241742283, 0.00166947417893, 0.000417025265051, 0.000915735319722, 0.000770003418438, 0.000865920505021, 0.000369985762518, 0.000361035519745, 0.000286540191155, 0.000195438900846, 0.00030179406167, 0.000281843706034, 0.00035398566979, 0.000232697333558, 0.000123769175843, 7.57441885071e-05, 7.1994450991e-05, 5.15814172104e-05, 4.06757062592e-05, 2.62013418251e-05, 2.19763423956e-05, 9.60681518336e-06, 2.59683893091e-05],
      "median": [6.50924903312e-06, 0.000887039117515, 0.00152847543359, 0.00113741890527, 0.00221489090472, 0.00054344534874, 0.000152858294314, 0.000224856397836, 0.00022449438984, 0.00023348807008, 0.000101419253042, 0.00010514708265, 6.83945836499e-05, 5.44018439541e-05, 8.6868123617e-05, 7.65064760344e-05, 7.99603149062e-05, 6.06324829278e-05, 4.33789064118e-05, 2.40365880018e-05, 2.49034783337e-05, 1.89531892829e-05, 1.65313340403e-05, 8.87405803951e-06, 7.3130927376e-06, 1.56023497766e-06, 1.09096743017e-06],
      "min": [9.33501054234e-10, 2.52158542935e-07, 1.25785106775e-07, 3.61859264331e-07, 1.5078377146e-05, 1.49809375216e-06, 4.90140166676e-07, 1.73911564616e-06, 2.69486122306e-06, 1.3260474816e-06, 9.03506304439e-07, 8.05358922662e-07, 7.24180438283e-07, 5.79692709834e-07, 1.00308147921e-06, 6.50951676562e-07, 6.27000304121e-07, 7.14910527222e-07, 5.29883777745e-07, 2.62569784582e-07, 2.04913547464e-07, 5.68035645188e-08, 5.24627239429e-08, 3.11607912806e-08, 1.10321494162e-08, 2.40732989099e-09, 1.06898923047e-09],
      "var": [2.83914971533e-07, 0.000252512254519, 0.000264428672381, 2.41820125666e-05, 0.000219732814003, 1.59356659424e-05, 6.5748781708e-07, 7.60011016609e-06, 2.80847689282e-06, 3.42098655892e-06, 7.48017441765e-07, 7.24912865735e-07, 8.52526966355e-07, 2.15842987927e-07, 4.50751514336e-07, 4.22367179453e-07, 6.19288016424e-07, 2.65589193305e-07, 7.42099928175e-08, 3.04343572566e-08, 3.21314708174e-08, 1.24530696866e-08, 4.65035521202e-09, 2.23297624835e-09, 2.70255862134e-09, 6.25562601719e-10, 6.2797869127e-09]
    },
    "erbbands": {
      "dmean": [0.0991544872522, 1.60306751728, 7.12632989883, 8.00806617737, 15.8546390533, 17.5992622375, 7.90995502472, 13.685341835, 6.22846078873, 7.40004253387, 25.8555202484, 14.5310592651, 26.0407581329, 12.5419225693, 10.6815538406, 12.2250299454, 11.6873607635, 8.47930622101, 9.16069698334, 13.0756826401, 11.7338352203, 11.8316431046, 9.61709594727, 5.91076850891, 3.70767760277, 2.5992295742, 2.19493412971, 1.69236958027, 1.22766327858, 1.06453871727, 0.589087843895, 0.371954888105, 0.215268269181, 0.177436575294, 0.112879529595, 0.0397388078272, 0.0153432516381, 0.0152766844258, 0.00479774829, 0.000261337962002],
      "dmean2": [0.174612551928, 2.95329976082, 12.9103164673, 13.9161815643, 24.8127059937, 30.2754898071, 13.5921239853, 22.4133491516, 10.5741043091, 12.4798202515, 44.4591140747, 24.2221183777, 42.156867981, 20.4109859467, 17.1068000793, 19.3685493469, 18.4960346222, 13.9426574707, 14.9729280472, 21.1523666382, 19.1196193695, 18.9549160004, 15.6862201691, 9.69894886017, 6.20193529129, 4.23571538925, 3.47975182533, 2.70841288567, 1.94192302227, 1.65865337849, 0.893347203732, 0.553516328335, 0.314760774374, 0.262048333883, 0.164125904441, 0.0587197728455, 0.0229631923139, 0.0230769496411, 0.00731692975387, 0.000400090619223],
      "dvar": [0.106404714286, 31.949552536, 496.884033203, 304.331634521, 1444.15185547, 2219.2890625, 300.051330566, 1768.3717041, 184.289520264, 310.095092773, 8308.85449219, 1467.5267334, 4831.52294922, 750.706237793, 712.34173584, 985.351989746, 1270.34399414, 376.136444092, 717.878662109, 1237.89318848, 649.54107666, 855.701843262, 525.665283203, 217.336181641, 108.58480835, 74.4797058105, 54.7221832275, 24.368139267, 14.1499662399, 5.84079408646, 2.26242518425, 0.930637001991, 0.174147740006, 0.533104240894, 0.0837610214949, 0.00932299159467, 0.00156037381385, 0.00205212295987, 0.000182573960046, 4.37563386413e-07],
      "dvar2": [0.298388391733, 92.0033569336, 1439.08898926, 847.991149902, 3052.83325195, 6020.67333984, 803.920410156, 4449.12158203, 497.275482178, 853.554321289, 23006.3417969, 3902.01855469, 12677.2431641, 1972.515625, 1547.1574707, 2433.24707031, 2872.078125, 959.283874512, 1834.04431152, 3314.92724609, 1664.61364746, 2057.38769531, 1238.61108398, 539.926879883, 280.019744873, 188.305160522, 115.952926636, 57.2794570923, 33.8980903625, 13.4425344467, 5.29305839539, 2.18105816841, 0.3670540452, 1.42005705833, 0.188601583242, 0.0208137482405, 0.00347773032263, 0.00455847429112, 0.000411590764998, 9.97794700197e-07],
      "max": [3.33492827415, 43.8654212952, 213.107543945, 189.853485107, 759.017028809, 593.269958496, 270.84362793, 821.843505859, 300.933349609, 254.713638306, 1305.36694336, 609.291809082, 1296.16223145, 819.016174316, 1211.39245605, 990.483703613, 1714.41479492, 375.492034912, 1048.38085938, 1267.73278809, 684.324523926, 904.214294434, 777.86126709, 567.45892334, 310.563476562, 383.838256836, 402.695556641, 247.57989502, 291.958984375, 78.8004226685, 70.3781814575, 55.0451049805, 7.88903570175, 32.6293067932, 9.07412338257, 2.06913423538, 0.888786375523, 0.916160821915, 0.238281726837, 0.0121122375131],
      "mean": [0.0892242193222, 1.286916852, 7.16070842743, 9.62130260468, 24.0447540283, 18.1247024536, 9.0262670517, 16.6964244843, 7.26575040817, 8.3135099411, 24.6411628723, 16.9132766724, 31.7260360718, 16.8447551727, 13.7878580093, 15.9011659622, 14.3384046555, 10.5655918121, 11.4011564255, 18.240447998, 16.7235221863, 17.5474319458, 14.8204994202, 8.65391540527, 4.84465694427, 3.58115887642, 3.30056881905, 2.54129743576, 1.82799339294, 1.58798193932, 1.04075872898, 0.680667519569, 0.378683656454, 0.251625716686, 0.146037429571, 0.0446096770465, 0.0161019992083, 0.0151983601972, 0.0046719298698, 0.000269191485131],
      "median": [0.0143589507788, 0.266468912363, 1.58886086941, 4.56241130829, 7.274477005, 6.06035375595, 3.68434429169, 4.38047027588, 2.98905038834, 3.13390278816, 5.41021728516, 5.62120723724, 8.73680210114, 6.67359924316, 4.72047615051, 5.07053232193, 4.07279729843, 3.75574731827, 4.25105667114, 5.63761377335, 5.2949757576, 4.441822052, 4.13469648361, 2.6308221817, 1.73590445518, 1.09662902355, 1.16222238541, 0.924554765224, 0.695114791393, 0.6031036973, 0.411630362272, 0.2334613204, 0.129397809505, 0.0844547599554, 0.0473390109837, 0.0107457609847, 0.00228293915279, 0.000871113035828, 0.000210813930607, 4.72649735457e-05],
      "min": [6.67552512823e-06, 8.89131842996e-05, 0.000231838334003, 0.00270903413184, 0.0206093583256, 0.0162825472653, 0.0208857934922, 0.0139965666458, 0.0168967936188, 0.0265095662326, 0.0400166511536, 0.0575114227831, 0.0694482326508, 0.0607212111354, 0.0287031978369, 0.0287159085274, 0.0580747015774, 0.0520005524158, 0.0630217939615, 0.0504407808185, 0.0526558533311, 0.0377918295562, 0.0409379154444, 0.0281351916492, 0.0247805602849, 0.0143096046522, 0.0129205230623, 0.00648120557889, 0.0021180040203, 0.00155213696416, 0.00117586611304, 0.000743922195397, 0.000391031848267, 0.000175343317096, 5.56175509701e-05, 1.54826539074e-05, 3.88316311728e-06, 9.17399461287e-07, 3.24912264205e-07, 2.49674513952e-07],
      "var": [0.0705580636859, 18.5856056213, 314.223388672, 234.190353394, 3116.00878906, 1745.18847656, 278.080413818, 2043.81030273, 171.199371338, 265.99786377, 5978.96337891, 1299.43286133, 5079.77734375, 873.765991211, 1139.02209473, 1284.7701416, 2072.42578125, 424.048553467, 729.470703125, 1695.88330078, 1009.09814453, 1655.95263672, 988.443359375, 350.520202637, 119.77116394, 89.039932251, 74.866897583, 32.5741500854, 18.8024311066, 8.73321342468, 3.67437148094, 1.61030876637, 0.461278408766, 0.469232559204, 0.10169775784, 0.0111003760248, 0.00182975223288, 0.00232507614419, 0.000202995172003, 4.83736300794e-07]
    },
    "gfcc": {
      "mean": [-28.5314483643, 104.020500183, -101.124862671, 25.4389133453, -46.0111045837, 6.23574733734, -33.1094245911, -0.310359150171, -21.8977947235, -14.4394035339, -21.323425293, -6.78721904755, -9.27859401703],
      "cov": [[3733.82324219, -783.86706543, -255.935699463, 307.602081299, -2.00815176964, 197.91255188, 46.2684516907, 189.953842163, 86.297203064, 101.640159607, 32.3304634094, 96.6889877319, -63.1544113159], [-783.86706543, 1195.36303711, -345.85446167, 133.55090332, 50.9209251404, -1.45007884502, -20.2287120819, -28.8492221832, 45.8676605225, -83.5204772949, 67.9817810059, -70.9304275513, 59.7476081848], [-255.935699463, -345.85446167, 1132.24401855, -226.08404541, 149.877365112, -102.108428955, 98.5819396973, -115.215103149, -66.8828659058, 29.8365097046, -85.5809020996, 23.5826206207, -63.0202980042], [307.602081299, 133.55090332, -226.08404541, 627.610595703, 31.0457820892, 196.514511108, 12.3228302002, 116.152534485, 62.5788345337, 3.14962077141, 71.4961090088, -32.5291824341, 8.0437002182], [-2.00815176964, 50.9209251404, 149.877365112, 31.0457820892, 421.915863037, 56.3957672119, 49.7049331665, 27.1834182739, 47.6165618896, -30.2795753479, -35.9947090149, 8.9521446228, -29.4913272858], [197.91255188, -1.45007884502, -102.108428955, 196.514511108, 56.3957672119, 273.993713379, 65.4962158203, 73.3070297241, 18.896112442, 7.57258176804, 19.5500831604, -10.6929941177, -5.10034942627], [46.2684516907, -20.2287120819, 98.5819396973, 12.3228302002, 49.7049331665, 65.4962158203, 186.43270874, 64.2262191772, 3.84533548355, -3.6640458107, -2.33101558685, 10.2434940338, -4.1991558075], [189.953842163, -28.8492221832, -115.215103149, 116.152534485, 27.1834182739, 73.3070297241, 64.2262191772, 185.535049438, 72.2426452637, -1.73155093193, 2.66815710068, 13.7242088318, 3.68578863144], [86.297203064, 45.8676605225, -66.8828659058, 62.5788345337, 47.6165618896, 18.896112442, 3.84533548355, 72.2426452637, 117.546264648, 37.1825828552, 12.0286407471, 5.13655567169, 8.08020305634], [101.640159607, -83.5204772949, 29.8365097046, 3.14962077141, -30.2795753479, 7.57258176804, -3.6640458107, -1.73155093193, 37.1825828552, 112.962249756, 47.6842422485, 21.630771637, -2.0978102684], [32.3304634094, 67.9817810059, -85.5809020996, 71.4961090088, -35.9947090149, 19.5500831604, -2.33101558685, 2.66815710068, 12.0286407471, 47.6842422485, 102.153236389, 36.5107383728, 12.1716127396], [96.6889877319, -70.9304275513, 23.5826206207, -32.5291824341, 8.9521446228, -10.6929941177, 10.2434940338, 13.7242088318, 5.13655567169, 21.630771637, 36.5107383728, 87.2317428589, 27.9518699646], [-63.1544113159, 59.7476081848, -63.0202980042, 8.0437002182, -29.4913272858, -5.10034942627, -4.1991558075, 3.68578863144, 8.08020305634, -2.0978102684, 12.1716127396, 27.9518699646, 71.4291305542]],
      "icov": [[0.000380001147278, 0.000246935989708, 0.00017402083904, -0.000207494638744, 2.48668220593e-05, -6.83572870912e-05, -9.6286268672e-05, 4.57407040813e-05, -0.000189109807252, -0.000112125911983, 0.000245647592237, -0.000577662081923, 0.00050598703092], [0.000246935989708, 0.00158565363381, 0.000316348101478, -3.40071746905e-05, -0.000378880125936, 0.000189350233995, -0.000370721303625, 0.000734590401407, -0.00123394990806, 0.00171812821645, -0.00222387420945, 0.00186583283357, -0.00118882465176], [0.00017402083904, 0.000316348101478, 0.00156252633315, -0.000211515070987, -0.000455827481346, 0.000555901788175, -0.00120743061416, 0.00114176259376, 0.000325675646309, -0.00105091568548, 0.00159506767523, -0.00114561140072, 0.00112204242032], [-0.000207494638744, -3.40071746905e-05, -0.000211515070987, 0.00289306067862, -0.000236178544583, -0.00147892849054, 0.000834592210595, -0.0013720060233, -0.000405817729188, 0.00109687948134, -0.00316707510501, 0.00276606041007, -0.00121529959142], [2.48668220593e-05, -0.000378880125936, -0.000455827481346, -0.000236178544583, 0.0034291385673, -0.000896724581253, -0.000394547270844, 0.000836393679492, -0.00241530151106, 0.00143496051896, 0.00159946386702, -0.00245195347816, 0.00225108070299], [-6.83572870912e-05, 0.000189350233995, 0.000555901788175, -0.00147892849054, -0.000896724581253, 0.0057514407672, -0.00177474541124, -0.000790236634202, 0.00143031624611, -0.0012824650621, 8.48817799124e-05, 0.000905022665393, -0.000153018801939], [-9.6286268672e-05, -0.000370721303625, -0.00120743061416, 0.000834592210595, -0.000394547270844, -0.00177474541124, 0.00791023857892, -0.00391781888902, 0.00179411610588, 0.000114972579468, -0.00121325429063, 0.000575262063649, -0.000774698331952], [4.57407040813e-05, 0.000734590401407, 0.00114176259376, -0.0013720060233, 0.000836393679492, -0.000790236634202, -0.00391781888902, 0.0116131827235, -0.0072405221872, 0.00280866632238, 0.00205451087095, -0.00359621294774, 0.00200591329485], [-0.000189109807252, -0.00123394990806, 0.000325675646309, -0.000405817729188, -0.00241530151106, 0.00143031624611, 0.00179411610588, -0.0072405221872, 0.0172367673367, -0.00854754913598, 0.00235809199512, 0.00116572843399, -0.00227690604515], [-0.000112125911983, 0.00171812821645, -0.00105091568548, 0.00109687948134, 0.00143496051896, -0.0012824650621, 0.000114972579468, 0.00280866632238, -0.00854754913598, 0.0176954139024, -0.00995084922761, 0.00163269985933, 0.000319052516716], [0.000245647592237, -0.00222387420945, 0.00159506767523, -0.00316707510501, 0.00159946386702, 8.48817799124e-05, -0.00121325429063, 0.00205451087095, 0.00235809199512, -0.00995084922761, 0.0237088352442, -0.0131898028776, 0.00489287357777], [-0.000577662081923, 0.00186583283357, -0.00114561140072, 0.00276606041007, -0.00245195347816, 0.000905022665393, 0.000575262063649, -0.00359621294774, 0.00116572843399, 0.00163269985933, -0.0131898028776, 0.0245799031109, -0.0115770595148], [0.00050598703092, -0.00118882465176, 0.00112204242032, -0.00121529959142, 0.00225108070299, -0.000153018801939, -0.000774698331952, 0.00200591329485, -0.00227690604515, 0.000319052516716, 0.00489287357777, -0.0115770595148, 0.0213014725596]]
    },
    "melbands": {
      "dmean": [0.00125422561541, 0.00324381166138, 0.00157655472867, 0.00128788733855, 0.000365299172699, 0.000283265981125, 8.99939404917e-05, 9.71073895926e-05, 0.000211475766264, 8.85266927071e-05, 0.000129136198666, 4.97534274473e-05, 3.65073392459e-05, 3.31232367898e-05, 3.16960286e-05, 2.05836222449e-05, 1.67017860804e-05, 1.5238967535e-05, 1.67580983543e-05, 1.87855730474e-05, 1.42163944474e-05, 1.36838716571e-05, 1.13783598863e-05, 7.49649825593e-06, 4.93130482937e-06, 3.06236302094e-06, 2.06479626286e-06, 1.77830759185e-06, 1.44380385336e-06, 1.34239235194e-06, 9.83162181001e-07, 7.43560633509e-07, 6.07930246588e-07, 6.11396501426e-07, 3.7045461454e-07, 2.86252031856e-07, 2.18101462224e-07, 1.58501691772e-07, 1.46080111563e-07, 1.63538842912e-07],
      "dmean2": [0.00225478457287, 0.00591038679704, 0.00264036119916, 0.00210615224205, 0.000638829660602, 0.000464151991764, 0.0001527028071, 0.000163118267665, 0.000364475388778, 0.000146734149894, 0.0002091028, 8.13012156868e-05, 5.86642272538e-05, 5.3963954997e-05, 4.97701730637e-05, 3.31321607518e-05, 2.76053797279e-05, 2.51740893873e-05, 2.70542714134e-05, 3.05292196572e-05, 2.33871905948e-05, 2.18729001062e-05, 1.87724472198e-05, 1.21533503261e-05, 8.11983954918e-06, 5.14828207088e-06, 3.45957755599e-06, 2.90956472782e-06, 2.30570844906e-06, 2.16523926611e-06, 1.57190743266e-06, 1.19244907637e-06, 9.77349145614e-07, 9.49663331085e-07, 5.75891874632e-07, 4.30726800005e-07, 3.30409619664e-07, 2.37199458297e-07, 2.16592795255e-07, 2.48116322155e-07],
      "dvar": [1.86874349311e-05, 0.000110959415906, 9.45869396674e-06, 9.11062215891e-06, 8.77518914422e-07, 7.03604769114e-07, 3.75161981481e-08, 6.35068602151e-08, 5.5491244666e-07, 4.79842405809e-08, 1.16659286675e-07, 1.19007603772e-08, 8.10706790588e-09, 9.29339982747e-09, 7.01292846017e-09, 3.22863313862e-09, 1.75935443991e-09, 2.42496289715e-09, 1.96056459956e-09, 2.56654786313e-09, 1.07581521469e-09, 1.22664545188e-09, 1.09017794792e-09, 3.8649286549e-10, 1.90654228516e-10, 8.51269679747e-11, 2.89737331349e-11, 4.2288162555e-11, 2.60915473255e-11, 2.84393324862e-11, 1.02694901194e-11, 5.42569201373e-12, 2.51832517513e-12, 1.8026584999e-12, 1.28281695162e-12, 3.75902949176e-13, 3.86222087298e-13, 9.89865402644e-14, 9.22383575227e-14, 7.7812073191e-13],
      "dvar2": [5.3119732911e-05, 0.000320736959111, 2.49752429227e-05, 2.20862548304e-05, 2.39504788624e-06, 1.77109723154e-06, 1.01817136056e-07, 1.74770519834e-07, 1.5419105921e-06, 1.25763108372e-07, 3.05495632347e-07, 3.11314245494e-08, 1.85452826429e-08, 2.37646879953e-08, 1.63850994994e-08, 7.68068808554e-09, 4.48770931527e-09, 6.28636964706e-09, 4.86256590548e-09, 6.68651756186e-09, 2.8044790934e-09, 2.88465917819e-09, 2.82935341822e-09, 9.20322484887e-10, 4.70321670498e-10, 2.16838616507e-10, 7.42997469105e-11, 1.07442880981e-10, 5.4957902812e-11, 6.50875811581e-11, 2.31627512309e-11, 1.291245149e-11, 5.93636077795e-12, 4.12905213493e-12, 3.05981672291e-12, 8.33022886781e-13, 9.23398618853e-13, 2.14723949884e-13, 2.03284776707e-13, 2.12442520173e-12],
      "max": [0.0379842743278, 0.0899569094181, 0.0307761598378, 0.0509446561337, 0.011862677522, 0.0163443926722, 0.00431374227628, 0.00374655076303, 0.010985779576, 0.00361084844917, 0.00641297688708, 0.00313599337824, 0.00311170215718, 0.00295994686894, 0.00345900352113, 0.00231883488595, 0.000968181469943, 0.00195035920478, 0.00137668161187, 0.00127680774312, 0.000849894247949, 0.00116510875523, 0.00129545864183, 0.000880725041497, 0.000580021645874, 0.000360293139238, 0.000174132714164, 0.000305008055875, 0.000267769297352, 0.000226910662604, 0.000154371125973, 0.000166601894307, 7.97084576334e-05, 4.13688285335e-05, 5.99517588853e-05, 1.84634573088e-05, 3.87251420761e-05, 5.80126152272e-06, 9.44817384152e-06, 4.11096116295e-05],
      "mean": [0.00104850507341, 0.00309382774867, 0.00215998478234, 0.00167272204999, 0.000379829114536, 0.000350035377778, 0.000103798360215, 0.000104549886601, 0.000202360592084, 0.000104517908767, 0.000156421388965, 6.46919506835e-05, 4.61473391624e-05, 4.05522296205e-05, 4.04795646318e-05, 2.43176291406e-05, 1.95961765712e-05, 1.69410886883e-05, 2.308384137e-05, 2.44154634856e-05, 1.90162372746e-05, 1.94165422727e-05, 1.58621460287e-05, 1.06299912659e-05, 6.75941601003e-06, 3.76475827579e-06, 2.58870568359e-06, 2.35059997067e-06, 2.0670295271e-06, 1.90087962437e-06, 1.37264737532e-06, 1.0745399095e-06, 8.47346541377e-07, 8.92392506557e-07, 6.09311143762e-07, 5.12014139531e-07, 3.7644861095e-07, 2.69549161658e-07, 2.28695853366e-07, 2.11862285937e-07],
      "median": [0.000191911211004, 0.000731384789106, 0.000982031109743, 0.000564763904549, 0.000151828324306, 0.00010002541967, 4.2435432988e-05, 3.56907876267e-05, 4.155275019e-05, 3.53684299625e-05, 4.13182751799e-05, 2.43816630245e-05, 1.39317480716e-05, 1.23626559798e-05, 1.04370728877e-05, 5.93097001911e-06, 5.6241810853e-06, 5.46831097381e-06, 5.91886600887e-06, 6.56444308333e-06, 5.10522932018e-06, 4.15314389102e-06, 3.85636076317e-06, 2.70773466582e-06, 1.8428245312e-06, 1.37229960728e-06, 7.35516891837e-07, 6.77950595218e-07, 7.0006825581e-07, 6.57065697851e-07, 4.65291435603e-07, 3.81715381081e-07, 3.10569504336e-07, 3.35517057692e-07, 2.33601085142e-07, 1.87383790262e-07, 1.16849719234e-07, 8.97124650123e-08, 7.17713888321e-08, 6.62960815134e-08],
      "min": [6.94263349033e-08, 9.09412563033e-08, 9.0771811756e-07, 2.27426789934e-06, 2.981672651e-07, 3.25698238157e-07, 2.20018279151e-07, 4.4919218567e-07, 2.87461688231e-07, 3.47867171513e-07, 3.17281006801e-07, 2.15367222722e-07, 1.13129772217e-07, 1.11151521764e-07, 8.4858044147e-08, 6.48653752933e-08, 5.83983350566e-08, 7.55957856313e-08, 7.7873117732e-08, 5.26087262642e-08, 4.94520122629e-08, 3.43666677338e-08, 3.26403757356e-08, 3.32803935521e-08, 1.79022094926e-08, 1.88399855716e-08, 1.13261551249e-08, 7.37050598332e-09, 6.6663039533e-09, 3.9133469798e-09, 2.52325094152e-09, 9.54422985089e-10, 1.00400987524e-09, 5.61552193634e-10, 5.80497039326e-10, 5.39321032278e-10, 4.23158119656e-10, 2.91655533058e-10, 1.7654136486e-10, 1.12505310623e-10],
      "var": [1.15889397421e-05, 6.74171678838e-05, 1.04554337668e-05, 1.31837869048e-05, 6.65734091854e-07, 8.18259024982e-07, 3.46663675543e-08, 5.16477278723e-08, 3.97891909643e-07, 4.60785933853e-08, 1.24254171396e-07, 1.38840503539e-08, 1.26604096096e-08, 9.932347389e-09, 1.13444471594e-08, 4.62858995576e-09, 1.87516069339e-09, 2.26472707254e-09, 3.00452640545e-09, 3.47803852385e-09, 1.53313606255e-09, 2.41178765847e-09, 1.5305606782e-09, 7.14751147157e-10, 2.86855872389e-10, 9.14836817412e-11, 3.371959309e-11, 4.74979604259e-11, 3.59011813333e-11, 3.22963565613e-11, 1.37264548686e-11, 7.62518867492e-12, 3.22759310598e-12, 2.75379545556e-12, 1.69922225162e-12, 8.11889943296e-13, 5.99871281121e-13, 2.40174010237e-13, 2.15662096471e-13, 5.85372082838e-13]
    },
    "mfcc": {
      "mean": [-679.956848145, 139.793655396, 5.3646697998, 24.6940917969, 7.61498403549, 6.04384613037, -2.47370266914, 8.70655536652, 2.1157336235, -3.89203858376, -6.50508356094, -6.33421897888, -7.91374444962],
      "cov": [[4244.70214844, -927.560668945, -385.96774292, 108.61706543, -6.35097980499, 68.9512252808, 1.68626594543, 187.084945679, 32.8278388977, 106.258239746, 75.4598617554, 244.72883606, 58.9456977844], [-927.560668945, 947.777832031, -83.5314254761, -19.3642578125, 44.2925415039, -29.978225708, -29.7388935089, -35.0203399658, -11.1021499634, -49.1794509888, -18.5992031097, -66.1790771484, -12.827375412], [-385.96774292, -83.5314254761, 616.371887207, 38.8451766968, -42.1002693176, 53.0050811768, 55.0779953003, -59.6002578735, -11.7427492142, -19.940820694, 17.3212833405, -48.6576461792, 4.73159074783], [108.61706543, -19.3642578125, 38.8451766968, 286.78225708, 113.801864624, 48.1333694458, 34.9249420166, 60.5148468018, 23.6518802643, 32.9838409424, 26.5170955658, 35.0917701721, 15.9775676727], [-6.35097980499, 44.2925415039, -42.1002693176, 113.801864624, 285.335479736, 93.2653274536, 18.6183586121, 68.6167831421, 43.7996368408, 26.1572380066, 11.7609138489, 24.5118846893, 10.782043457], [68.9512252808, -29.978225708, 53.0050811768, 48.1333694458, 93.2653274536, 183.677124023, 81.597366333, 30.3148193359, 12.3596963882, 21.6591873169, 20.2888965607, 19.3167495728, 15.2560367584], [1.68626594543, -29.7388935089, 55.0779953003, 34.9249420166, 18.6183586121, 81.597366333, 158.725494385, 83.5249176025, 24.8489284515, 16.8889064789, 14.8342351913, 7.31327962875, 9.44879436493], [187.084945679, -35.0203399658, -59.6002578735, 60.5148468018, 68.6167831421, 30.3148193359, 83.5249176025, 189.910293579, 85.7291488647, 36.4747695923, 11.0871200562, 35.4197845459, 5.13765144348], [32.8278388977, -11.1021499634, -11.7427492142, 23.6518802643, 43.7996368408, 12.3596963882, 24.8489284515, 85.7291488647, 124.749832153, 52.0441436768, 7.47227859497, 3.00330448151, 3.56265950203], [106.258239746, -49.1794509888, -19.940820694, 32.9838409424, 26.1572380066, 21.6591873169, 16.8889064789, 36.4747695923, 52.0441436768, 95.6555709839, 37.6569976807, 17.2738361359, -1.30628883839], [75.4598617554, -18.5992031097, 17.3212833405, 26.5170955658, 11.7609138489, 20.2888965607, 14.8342351913, 11.0871200562, 7.47227859497, 37.6569976807, 90.6434326172, 40.5186004639, 7.75747156143], [244.72883606, -66.1790771484, -48.6576461792, 35.0917701721, 24.5118846893, 19.3167495728, 7.31327962875, 35.4197845459, 3.00330448151, 17.2738361359, 40.5186004639, 105.771789551, 31.5286254883], [58.9456977844, -12.827375412, 4.73159074783, 15.9775676727, 10.782043457, 15.2560367584, 9.44879436493, 5.13765144348, 3.56265950203, -1.30628883839, 7.75747156143, 31.5286254883, 81.5160751343]],
